41347.96416716097
38500.76094088704
43824.92622801934
37567.65878650385
43086.78739880928
43667.473608203516
35307.341698162825
37413.96421149043
42076.69276990334
43107.53822071786
42667.92873870851
40844.446054882625
36168.96515979736
47902.87782568435
38997.22163903157
44074.763233445556
46023.42288440752
43500.043840525475
49395.08129684908
44801.48848899281
43760.65235572439
40063.52858648017
45452.88991320594
46131.07190256928
39205.25035499698
45781.019685911466
41301.94170487304
40602.13629909476
45673.951997621356
40464.891029872
39805.6902293991
48261.11011990409
42310.40814785805
41425.103477807555
38171.07743472895
43892.73615648083
41660.025270827035
44381.335269277195
45932.6199272214
45022.77564100809
39881.81684115273
48099.80663679027
40212.20379743741
38209.840397931795
47860.16243341015
37053.35567617874
46093.16791439549
37379.838876922324
38844.83114393718
41563.379437648386
39715.25040925594
47023.905801023946
45299.07399481849
37202.39473606054
45088.69523330754
46483.554415077284
50679.47422460716
37321.51236354724
43972.432655935874
47554.5375515268
41518.45543144726
49747.37402966162
46476.31268895596
43669.897046599
44565.26338435677
45533.06077931978
39181.19686041206
40230.983251300735
42250.091745651145
39721.98574620627
45956.17726312615
40324.54827832274
51579.584317816465
38083.32169173305
43662.13023923038
40779.27918051351
42534.37714959319
42089.63507649348
38453.765907344125
42199.92365354285
36630.62993583883
45263.26588314837
37042.8126221018
36766.753103884854
43890.54761465299
45966.83178793232
42063.13844415005
41860.4885739603
41892.94595912253
39878.001192483316
42129.67992785155
34300.747279230854
47269.383232911554
42090.84398842461
39711.76993779968
41080.16115418935
39312.68084975723
39921.022814018754
42299.04041973801
45360.29138668634
