13554.618897432392
12919.025841741099
14405.232136334658
12069.043960586705
15375.018608977636
15405.530112403236
12852.203608669968
11139.241818782739
14251.706500138222
14962.18720066449
15328.800265045738
16526.42409740033
14245.660848174186
14336.79007776621
17174.468914996854
16867.413772760498
15711.483928612035
14166.078828471771
17348.841401217407
14092.774276171807
15675.72726310489
14054.35217140773
17043.271057588863
12907.398326311932
13812.80701870308
13326.006916734477
13504.668435217744
14107.982839738846
14637.32807902541
13731.08087274655
13904.15872932721
15232.649961789379
12810.897525568642
13995.103073140257
13419.070433461637
15720.884341005734
14489.471876297162
11259.07768738013
15448.149170177907
13925.328600292582
10970.645783775426
18299.828009628847
13352.750334854696
12658.996632678967
15579.41811494033
12977.755021130062
14452.177373329117
12909.790056555285
11646.575484438441
15418.20100555271
12021.070181967909
16099.128553720271
16355.595139834295
11927.657024998889
18475.71151931735
14282.826485365444
18305.251971749156
14344.144173564742
12601.030140384355
13525.37088442411
14926.651447729526
17007.578989814483
15843.494034307434
12699.052907121182
17558.507855473083
16288.19205227992
13985.149437486612
12379.832251282203
17180.744737144985
10605.776630350712
13969.144201844107
13126.798222737221
18451.04702590829
10990.136000703607
13946.054453249215
15623.062668695638
13183.309227213627
13725.539155731693
15368.436984177702
15684.896896474176
11490.725176944694
15913.067814911567
10042.684970053038
12660.964912651445
14810.542839107236
19855.486907833987
14341.532742153384
13251.787384958878
13400.069799229355
13228.613396802608
14606.681888563482
11661.753196517599
16585.513821987308
12964.218328552653
15608.296561611425
11946.555420912728
13173.969023720756
13530.549637713439
14712.339172876127
15238.607719736565
