19497.773241734947
12801.86862328715
14830.675996751655
16121.39727675532
17244.175075342395
14723.750267006542
16178.555755782092
17607.960096878818
18081.113964756427
17215.6998822492
18149.40407615338
15519.955373958475
18704.05653364427
17206.137630970694
18051.836886599405
16117.401677366002
18325.20802479209
13899.333625017034
14442.41350510226
16816.864818182778
17507.338923903117
13267.841106184014
18679.70605491649
19634.871720659445
19473.83889143791
15343.986477604818
16236.111570314337
15475.305999312804
15963.950213362836
14379.898696950517
17512.57294834166
19038.726406699225
17238.440058078413
15716.520934614611
14108.60168595213
14922.791001758893
12853.434137864837
15432.549683725903
17615.511714337823
13565.566511507428
14602.888418347698
18588.432278000426
16283.809414514131
17597.658453146145
18546.313232456163
18239.84954623083
17788.151695762077
17178.739476341805
13381.367887339964
13549.134616753843
15998.415178477479
19474.088375473195
17925.054017939463
15622.877644424883
17310.06374893009
19121.197038743154
19589.965387439668
15682.884944740763
18281.62804420246
13452.094357972559
17717.512701007494
17608.84301006149
16394.81689565006
15837.940183944069
17984.3116155549
18127.672225938906
18453.674959635802
18765.406816409366
17599.245339796093
18343.809013303875
16061.399096350131
16057.505724290697
13199.083340116425
17464.579231793537
17606.195274627426
15188.99857174882
18812.672321080885
17814.38982327725
15796.728007403199
17209.7341067296
18437.015190492843
16689.22705601987
14253.094802334599
16103.052436387828
16096.162797381681
16943.896110958485
21539.61466500623
16454.129257062814
15240.150618839854
16296.262915452615
18924.237775687092
18603.793453096994
15847.834014349588
16142.80546083349
17588.41110378193
18199.260929474145
16519.756070986958
13286.51205505013
14433.634906206431
16744.38837292147
