5059.069852503491
3082.3226284264147
3955.807662228503
4236.16251728615
4578.296041673463
3535.9087841531136
4479.48244591805
5466.480447927487
5607.644139728993
4021.001958224447
4244.788519127248
4477.447947125832
5033.697505373705
4262.871923869267
4839.928820191995
4658.736171626172
5411.38395535921
4030.7350830784635
4681.633508302811
4692.633829157068
4042.785668214626
3255.728489011079
4601.0442192759365
5106.856875751869
5274.440251449899
3718.1419623862403
4573.846426484591
4498.5026256871115
4327.564231612301
4039.2042195496047
4886.061362924308
4881.609514818914
4258.587588743457
4030.6525043626493
3648.1507048173967
3393.337047211349
3826.879814214556
4004.1692606995034
4084.5980748767124
3290.8377125605116
3886.206375798726
4931.390329246804
3994.855626826979
4686.920745134664
5065.878031215265
5374.518091913193
5387.671712689614
5241.826952547109
4023.7021568867763
3772.457838546862
4525.014092506714
5818.33494767242
4840.9361947348825
5071.444208162333
4069.899113072922
5521.490991630839
5476.546771245189
4432.7116422377485
4657.456782406108
3970.8693346939153
4952.22972048369
5501.600262147558
4546.195741329947
4560.634900002749
4363.070053908419
4741.211219246713
4520.335736716879
4760.3310071362885
4876.812102151479
4952.111055578623
3994.4626821888573
3819.762821064919
3468.6621893229503
4450.544415109302
5387.855200551318
3831.3094593229753
4985.27490184972
4729.424174309855
4436.0229674288275
4976.086179819275
4723.019732821237
5073.859199440043
4219.7165615527565
4573.256943496673
4371.809115848808
4346.00109429225
5441.007977476019
4566.816494516819
3844.7190994058055
4102.3741821214335
4874.346066384311
4731.048190456643
4092.8475642339067
4818.964571384616
4990.936574438368
4618.982401175894
4307.7523685077895
3620.3375912619827
3712.1155626861687
4583.486764483719
