22945.913524425567
23934.883069378728
21845.231108729622
21742.87219205392
25018.071479127935
24615.64521869201
20256.350883345607
26381.851410090523
21262.082662604465
21490.28442286086
20536.282401726734
21986.767937039644
23851.284526598647
21357.592649011014
24063.27404152752
22056.903180322013
21093.95585177061
21711.663860395038
22728.35165515043
20574.235574051934
23162.486455022154
23129.43105349101
23974.65944772068
25598.955326233543
25633.167269998947
21229.42364456737
22368.045245910474
27197.420907380096
23944.821910968134
25483.250489830658
23204.28547003631
22473.028519662515
20231.73488259255
23206.829855429703
25377.545576733002
21465.04943526639
21691.996985189046
21372.480003799978
19329.38611110112
21577.066883990694
21541.55931144475
24985.149976578625
19766.29870192016
21227.51266642168
19898.646538381337
20932.188206534833
22084.45207894805
21640.34323514727
22107.124364260428
23971.64260896974
22388.81723872858
24178.970592644037
19113.137854897395
21745.084635768377
22917.55166711694
23132.725085778035
22833.50548585411
22983.03707078654
22475.87119559299
23259.11741937202
20627.10651057657
21895.77832077195
22391.012910609035
23845.33046502456
22402.49355114845
23587.59887849257
24255.26544440253
22533.38055814638
24254.160842843332
21369.45335024888
26644.14404373471
23166.41542942343
20511.272757478248
21683.668165740175
24263.40417755654
22928.179187515012
19429.307804617987
22464.123823901937
23376.55846974355
23764.14680735451
21841.366281965224
24610.31642284331
23378.382386275418
22872.00272309143
18521.02820719083
22675.528408651688
20137.358985517167
22283.944245402537
21521.78904231938
23941.386867833236
22895.01940354256
23342.672784341314
21948.15663346046
23450.165708124423
20936.1600743683
20411.40106657441
19736.962693480702
25534.871912261104
23866.91439719411
19056.17008316595
