7846.916559014116
7678.732152560531
6334.958898648567
6878.705939202966
9112.475315167914
8458.662928642701
6287.563832668836
7194.916211351615
7942.879262538233
5466.340033418124
6808.691455069167
5710.7892139919695
8007.191511993352
5423.635918109283
8150.169163244177
6216.088887062345
5480.646488510151
6557.899304693688
7703.857090880498
7316.7377891703745
7401.625673357319
5849.914988112861
8086.022183585774
7573.036661538821
8940.617325491172
6243.785736169392
5818.439854485877
7561.707634243042
6399.115102881054
7480.545383436637
8655.173978228051
6674.317233936361
6958.285064211398
6515.9122206175225
7847.682737930005
6449.593861150121
8049.322754409962
7141.715195587067
6811.980102164194
7794.379977163889
7168.686773359059
8704.839172088155
6222.108362345603
7045.4044617311365
5424.000701982654
6080.149939237887
8501.498301776817
6243.90762660142
6205.709979930174
9368.024027096699
7826.356997414048
7642.714717048149
5680.309487066808
7339.039120543017
6465.281106269805
6993.419338726156
8561.344314150516
8581.053978400882
7369.776011746155
7768.755874688253
6533.647635112901
5894.707880011458
6438.831856362492
5919.502666436134
7006.128922382928
8355.530616966551
7387.50783288911
7613.200662554013
7237.604320026001
6793.226674931332
7126.4680296563
7083.9403999697015
8089.593109969918
8036.461489986433
8141.443469984251
6556.684002516945
6619.982853226225
7065.711468215262
9030.726069246559
6853.464437134626
5658.495210421582
10258.399397629704
7702.265703774907
8825.012248712506
6555.98787513325
6014.6898493152985
6136.519966695633
8637.522654752467
6554.760301056791
7443.204792058893
7645.234626109521
8116.378843443938
7334.303847643281
7587.243165301194
6636.3860610986385
6745.942129934006
7991.713201558393
7359.834538748989
6699.450564921423
6265.579008494502
